6.648348050471847e-14
4.5250180555692077e-14
1.86938036935997e-14
1.6956805425939747e-13
-3.481462622530185e-14
0.009999999869887404
1.2502605616387095e-6
0.00033350709219234634
0.2000000000003341
0.049999999999929844
0.03999996321915663
4.2558948513752684e-5
0.002672029443254943
0.40000000000049174
0.09999999999989397
0.08999907443164537
0.00032478713837453703
0.009040783990239621
0.6000000000006425
0.14999999999985728
0.15999075224572196
0.001372805224072375
0.02150600544357888
0.8000000000007862
0.19999999999981963
0.24994457100984113
0.004203372416161733
0.04219702681645652
1.0000000000009228
0.24999999999978106
0.359759703403497
0.010499192071608768
0.0733303489597097
1.2000000000010522
0.2999999999997418
0.4891668961792838
0.022788160209227772
0.11723654436210026
1.4000000000011747
0.34999999999970255
0.6375471344592203
0.044620728980239686
0.1763910193335439
1.6000000000012902
0.39999999999966407
0.8037041992390579
0.0803927647391981
0.2474506065963358
1.800000000001398
0.39200159882749147
0.9859408072196136
0.1339857800262651
0.32391064465562974
2.0000000000014992
0.37348413107193484
1.182133785717531
0.20872101523282854
0.4029337852410726
2.200000000001593
0.3467168323953125
1.3899509109294321
0.3071393261749722
0.4795169710708949
2.40000000000168
0.2967168323952896
1.6074273551585474
0.43034133520530515
0.5490946280017386
2.600000000001759
0.2467168323952734
1.8331379070777716
0.5784366148813493
0.6098845251927609
2.8000000000018304
0.1967168323952646
2.0663707722448974
0.7507288533688932
0.6601026456198404
3.0000000000018945
0.14671683239526337
2.307338267787388
0.9457236683203529
0.6979457315704503
3.200000000001951
0.09671683239526979
2.557083925818268
1.161409298710929
0.7251727679441008
3.400000000001999
0.06819947728059082
2.816556698437446
1.3962919408804966
0.7448140612674549
3.60000000000204
0.04414258935426797
3.083955048774345
1.646253390877935
0.7574196837422047
3.7207775132250163
0.024810238265714993
3.357215428334887
1.9065821158759404
0.7639874950762259
3.827542772608245
0.010059259796695927
3.63661517897342
2.17494293083848
0.7658246948155634
3.920536302786652
-0.0005323733555481011
3.9222324113170846
2.4492784631065003
0.764218235955603
3.9999999999998233
-0.007556936425601862
4.211495951372205
2.7255507935044974
0.7603670338142966
4.000000000000239
-0.011698451786337697
4.502009280508148
3.0005083555249574
0.7552928150034753
3.999999999999949
-0.013671273236234738
4.793994379510789
3.273902374267324
0.7497313089581059
4.000000000000009
-0.014134464830345703
5.087503733032864
3.5456593375221717
0.7441708865248052
4.000000000000008
-0.013665856210813915
5.382486482945109
3.8158163371571465
0.7388851831237113
4.000000000000008
-0.012761120863131541
5.678844227436286
4.084464367390023
0.7339645548498555
4.000000000000008
-0.011840777824881462
5.976477198642764
4.351698964110553
0.7293440882125105
4.000000000000008
-0.011260527281292608
6.275322254625561
4.617577433573666
0.724827525756986
4.000000000000008
-0.011321325320472763
6.5753840804228245
4.882081882231378
0.7201077594632918
4.000000000000008
-0.012276409249849782
6.876760457594091
5.145087395665386
0.7147855291310272
4.000000000000008
-0.01433316279581553
7.179661618906756
5.406335050146053
0.708388688844879
4.000000000000008
-0.01764828313393498
7.4844227026683985
5.665409985387
0.7003949103668984
4.000000000000008
-0.022315217084082625
7.79150730196488
5.921725546110983
0.6902610059238833
4.000000000000007
-0.028343315120558824
8.10149923684435
6.1745155722262
0.6774621903086201
4.000000000000007
-0.03562865404395076
8.415079183318777
6.422838375174959
0.6615445636498433
4.000000000000007
-0.04391705242769238
8.732982954149039
6.665597869398463
0.6421938501087279
4.000000000000007
-0.05276051263543383
9.055939364002615
6.901589725233864
0.6193228749454254
4.000000000000007
-0.061469265728462286
9.38458800136731
7.129583013707641
0.5931791684344719
4.000000000000007
-0.06906297836927701
9.719380976917613
7.348449789489748
0.5644709663690908
4.000000000000008
-0.0742320111061321
10.05976744521021
7.558523532263172
0.5447581183988937
4.00000000000001
-0.02423201110623329
10.402180866053135
7.765289483879873
0.5450653780443117
3.9999999999999885
0.02576798889366891
10.742437723108992
7.975572321677419
0.5653942851334547
4.000000000000004
0.07576798889357868
11.076133599059533
8.196081621353807
0.6058469816643313
4.000000000000028
0.12576798889349836
11.398222826950661
8.433164678783047
0.6666282757483754
4.000000000000005
0.17576798889343143
11.702626254028969
8.692489319187636
0.7480498277976304
4.000000000000003
0.22576798889338168
11.9829351454927
8.977646348388095
0.8398785641919031
4.000000000000006
0.22555541459122752
12.236162226244394
9.287112345731234
0.9293914362523941
4.000000000000006
0.21475023488227638
12.461624009042993
9.617375484779481
1.0129781398262583
4.000000000000006
0.19724386930473684
12.660089972925979
9.964557002937577
1.0885298661283966
4.000000000000006
0.17610223453187135
12.833402509978326
10.324978326612937
1.1550841976529225
4.000000000000006
0.1536346010762974
12.984068494245442
10.695458595818668
1.2125030594691237
4.000000000000006
0.13150007818138243
13.114898549202817
11.07341588974181
1.2612081724823543
4.000000000000006
0.11082388735184596
13.228727350945217
11.456848702564832
1.301975867315486
4.000000000000006
0.09230733626574589
13.328219008551464
11.844258150235998
1.335783075426616
4.000000000000006
0.07632433060400805
13.41574670165913
12.234550928604897
1.3636940151893278
4.000000000000006
0.06300247199858773
13.493330822732549
12.626945574695744
1.3867781644961026
4.000000000000007
0.05228929027393175
13.56262021639234
13.02089227464904
1.406052052275038
4.000000000000006
0.04400511874640969
13.624903584418172
13.41600895138613
1.4224391595597314
4.000000000000008
0.03788436893048661
13.681141041899165
13.812032452762372
1.4367435724144852
3.9999999999999636
0.03360712098276643
13.733257793194218
14.208621404183644
1.440187223457409
4.000000000000155
-0.016392879017084753
13.787974609461859
14.604855577647639
1.423617150442271
3.9999999999999827
-0.06639287901694604
13.852755498399015
14.997003809525479
1.387201754823719
3.9497194732536154
-0.11639287901682221
13.934451085994853
15.380599750278687
1.331378968474338
3.895297911190055
-0.1663928790167159
14.039483998130919
15.752580231503094
1.2564754519485284
3.837023306540239
-0.21639287901663057
14.17333567859437
16.10874072653799
1.1627752797568665
3.775418791848221
-0.2663928790165693
14.340241341909236
16.44355320310726
1.0505136249505516
3.7106899401412057
-0.31639287901653307
14.542779836700573
16.75009609224614
0.9198790474472284
3.6427592529729207
-0.3663928790165239
14.779734755663002
17.02173282076524
0.7898997762079641
3.571611319016548
-0.32507178237635403
15.042237796153294
17.258139625925537
0.6791773766160107
3.497312176657422
-0.2818429245403807
15.321242236663597
17.4623251351095
0.5870423652740797
3.4199221114603167
-0.2386058785323388
15.609581568209745
17.638480080577207
0.5122745974241988
3.3394794780797037
-0.19660123328724796
15.901788286448406
17.79123665564724
0.45338804378229003
3.2560070659082
-0.15658993249238484
16.193783505633284
17.925176354788043
0.4088031240237333
3.1695174901925465
-0.11899612652789389
16.482550877295434
18.044535713039384
0.3769457663128385
3.0800171398224747
-0.08401628752592002
16.765849654465242
18.153050995624348
0.3563006217681901
2.987508787071144
-0.05170067609064038
17.041886631881397
18.254165438933597
0.34840795239917755
2.891990171597156
-0.001700676090745858
17.308872691912285
18.35177881309694
0.3549927817834816
2.7934454760850094
0.04829932390915183
17.565287700230876
18.449097477796638
0.37162103949420244
2.6918568305875623
0.07295531818464278
17.810187222740353
18.547550112597946
0.3938429536326756
2.5872184665763864
0.09516570895352892
18.042846347520143
18.647778220848355
0.42053628960310374
2.479526739593052
0.11492632015228815
18.262653855320153
18.74998062325492
0.4506269233549665
2.368776595107659
0.1321926279366126
18.46912195264078
18.853969161990058
0.48308386339546183
2.2549615771612594
0.14688489640604807
18.661898862721422
18.9592277175769
0.5169192307201855
2.138074037086324
0.15889715387887973
18.840778882361754
19.064974030218817
0.5511934734467043
2.0181055741628673
0.16810897574167288
19.00570581871978
19.170223137464273
0.5850255563170913
1.8950477181049765
0.1743990187910389
19.15676717904471
19.273850572125088
0.617607325299494
1.7688928371079173
0.17765923199019387
19.294178076769484
19.374653015457483
0.6482207537879959
1.6396352264887362
0.17780868274372533
19.41825542882855
19.471403999347217
0.6762563961032954
1.507272305344156
0.17480601398514461
19.52938447871494
19.56290252630782
0.7012311731236102
1.371805826826196
0.16865970151701998
19.6279808015727
19.648013053972914
0.7228036393904962
1.233242996098031
0.15943551117244315
19.714451586057717
19.7256960208414
0.7407851355110523
1.0915973916617743
0.14726083931931613
19.789160078649143
19.79502879338708
0.755145669539666
0.9468896007235806
0.1323259192176881
19.852396651355033
19.855217440815238
0.766013910731111
0.7991475048597635
0.11488214476514438
19.904359127478518
19.905600015544092
0.7736712149521079
0.6484061832848287
0.09523796475680411
19.945143935838768
19.945642048593097
0.7785400398337337
0.4947074308317198
0.07375290967940992
19.974748536465572
19.97492485093294
0.7811673900348424
0.3380989120684139
0.05083031893404535
19.993084525481162
19.993127078242736
0.7822040449427148
0.1786329928065324
0.026909255402019952
19.999999999999577
19.999999999999172
0.7823802917929089
0.016365306902007562
0.002455952484790761
