2.0000000000000164
0.4999999999999965
2.000000000000016
0.49999999999999645
2.000000000000015
0.4999999999999964
2.0000000000000147
0.49999999999999634
2.0000000000000138
0.4999999999999962
2.0000000000000133
0.49999999999999617
2.0000000000000124
0.4999999999999961
2.0000000000000115
0.4999999999999961
2.000000000000011
-0.07998401172136413
2.00000000000001
-0.1851746775552377
2.0000000000000098
-0.2676729867659397
2.000000000000009
-0.5000000000000026
2.000000000000008
-0.5000000000000019
2.0000000000000075
-0.5000000000000012
2.0000000000000067
-0.5000000000000004
2.0000000000000058
-0.4999999999999997
2.0000000000000053
-0.28517355114692655
2.0000000000000044
-0.24056887926342999
1.2077751322294465
-0.19332351088578553
1.0676525938320478
-0.14750978469048562
0.9299353017839074
-0.10591633152275877
0.7946369721316309
-0.0702456307008626
5.917632586171816e-12
-0.041415153607672936
-3.441439454789898e-12
-0.0197282144992582
6.432237722831329e-13
-0.004631915941356212
3.237774031121069e-14
0.004686086195125653
3.3739600223777384e-14
0.009047353476697408
3.80241396301333e-14
0.009203430382450386
3.7490148463325574e-14
0.0058025054359224235
3.5524567693649005e-14
-0.0006079803916764181
3.7898495690666094e-14
-0.009550839293548542
3.442003862260505e-14
-0.020567535459335637
3.6984222859308804e-14
-0.033151203380770725
3.522010933480832e-14
-0.04666933950095054
3.605869755713876e-14
-0.06028098036413632
3.563851573600607e-14
-0.07285338923319865
3.6130616875999626e-14
-0.08288398383660785
3.665275129794556e-14
-0.0884346020765299
3.4944016815660703e-14
-0.08708753092933733
2.9592068600126284e-14
-0.07593712640715637
3.916737689380641e-14
-0.0516903273675397
5.230261730629254e-14
0.4999999999999899
-2.2050435526885839e-13
0.4999999999999901
3.5243441286399023e-13
0.4999999999999907
4.4636247827680203e-13
0.4999999999999915
-2.503281036618683e-13
0.49999999999999273
-3.768033345381018e-14
0.49999999999999417
6.202836399954128e-14
-0.002125743021245758
2.938470627819332e-14
-0.10805179708943431
3.304494135317133e-14
-0.1750636557755484
3.0609359136936916e-14
-0.2114163477290382
3.0756960051405664e-14
-0.22467633455634337
2.994491191613386e-14
-0.22134522894996495
3.1087131502394476e-14
-0.20676190829636892
3.311515192285463e-14
-0.1851655108621747
2.7771367555208867e-14
-0.15983005661869373
2.5357296481823808e-14
-0.13321858605562967
4.098630969830302e-14
-0.10713181724806808
2.3670036628981703e-14
-0.0828417152767751
4.161114418048886e-14
-0.061207498160797305
-4.360181729893309e-13
-0.042772479478742506
2.3609883674002893e-12
-0.4999999999999849
-2.786128155748789e-12
-0.49999999999998573
-0.5028052674644904
-0.49999999999998695
-0.5442156206363685
-0.49999999999998856
-0.5827460464988793
-0.4999999999999905
-0.6160451469208401
-0.49999999999999273
-0.6472885170707728
-0.49999999999999517
-0.6793068716834212
-0.4999999999999978
-0.7114793395642662
0.4132109664018617
-0.7429914235917566
0.43228857836012385
-0.7739006519714944
0.4323704600810003
-0.8044263338065349
0.4200464524516539
-0.8347241217153838
0.40011300794949783
-0.8648957571568463
0.3759380596458702
-0.8950035037009738
0.34979839002075686
-0.9250835275135031
0.3231561143538389
-0.9551861547400355
0.49999999999998956
-0.9854469551215639
0.4999999999999897
-1.0158864549745215
0.24655994275587628
-1.0463836401117605
0.22210390768975957
-1.0769172698332983
0.19760611198840583
-1.1075014448538156
0.1726630778439583
-1.1381501794638547
0.14692268469496536
-1.168875400749168
0.12012257472881471
-1.19968462923433
0.09211821862831407
-1.2305785605786266
0.06290043049392618
-1.2615488099702405
0.032602131991700256
-1.2925761061914371
0.001494507535354082
-1.3236292114453818
-0.03002668758587372
-1.3546647851791376
-0.06146312468141184
-1.3856283072811384
-0.09224190344602531
-1.4164560443619818
-0.1217467185316071
-1.4470779093813289
-0.1493492010166923
-1.4774209586375147
-0.17443774452591154
-1.5074132157486402
-0.19644180008392917
-1.536987524530329
-0.21485055077450937
-1.5660851876322166
-0.22922590745423896
-1.5946591926179445
-0.2392106353208698
-1.6226768590443195
-0.24453302917291475
