1.0
0.0
0.9920714955503473
-0.1585700889930541
0.9711186156117814
-0.2604875097782664
0.9419996135402329
-0.32189253165270226
0.9081737957269413
-0.3546238246131294
0.872075706412959
-0.36733796166651783
0.8353917992948947
-0.3663401806947674
0.7992647593703226
-0.35620061779667567
0.7644441696732319
-0.34021117614513635
0.7313974092213754
-0.32072403289199397
0.7003910946627177
-0.2994022582811614
0.6715507220461892
-0.27740519404940756
0.6449041913667147
-0.2555254195400816
0.6204134299618146
-0.23428980855792167
0.5979972412935726
-0.21403396480691864
0.5775476963546056
-0.19495693397241998
0.558941783937283
-0.17716131437403235
0.5420495898095135
-0.16068256818135793
0.526739943681039
-0.14551035438812912
0.5128842271592885
-0.13160397604688298
0.5003588537085936
-0.11890349296701552
0.48904679660699224
-0.10733764906501006
0.4788384409007175
-0.09682946506048441
0.4696319613653982
-0.08730012564590077
0.4613333737903628
-0.07867162585480737
0.4538563665266395
-0.07086851941965792
0.44712198947948195
-0.06381902152349334
0.44105825583370684
-0.05745565139200896
0.43559969573358936
-0.051715550610340895
0.4306868893831408
-0.04654057639862958
0.4262659984626853
-0.04187724201047948
0.4222883085394787
-0.03767655645365317
0.4187097906650896
-0.03389380103412812
0.4154906871420056
-0.030488269427551555
0.4125951241670108
-0.027422990072344514
0.4099907524682068
-0.024664443903735116
0.4076484159605451
-0.022182286249500086
0.40554184771446655
-0.019949078672070058
0.4036473920628156
-0.01794003436094956
0.40194375138843236
-0.0161327791267139
0.4004117559843553
-0.014507128954827295
0.399034155320631
-0.013044884319658908
0.3977954290574317
-0.011729640944327132
0.39668161619259334
-0.010546616352439149
0.39568016080780666
-0.009482491343294493
0.3947797729708543
-0.008525265395752164
0.3939703034540416
-0.007664124940501322
0.39324263103622387
-0.0068893234158537275
0.3925885612642542
-0.00619207202354018
0.3920007356572128
-0.005564440117287845
0.3914725504423566
-0.004999264179835566
0.39099808401501157
-0.004490064367065322
0.39057203241586225
-0.004030967615921493
0.3901896522189972
-0.003616636321378813
0.3898467103237819
-0.0032422015829287887
0.38953944024468584
-0.0029031999989925727
0.389264504597524
-0.0025955129442443766
0.3890189635905363
-0.0023153071955091917
0.3888002494471882
-0.0020589756714524173
0.38860614681793754
-0.001823076913561777
0.3884347793845787
-0.001604271753614211
0.3882846030280367
-0.0013992553772261323
0.38815440612448227
-0.001204682693862396
0.3880433177623543
-0.0010170845486979045
0.3879508249425741
-0.0008327718469054272
0.38787680014571385
-0.0006477240902998553
0.38782154103459043
-0.0004574581321687358
0.38778582452198396
-0.0002568721199607319
0.3877709779860321
-4.0058599075991954e-5
0.38777897107713316
0.00019992042109717248
0.38781253234789115
0.000471304994061956
0.38787529586993613
0.0007839654468375487
0.38797198409486605
0.0011497990517606092
0.38810863448280664
0.0015832087070507825
0.38829287886307234
0.002101678898263377
0.38853428609138474
0.002726465667983997
0.38884478028194336
0.0034834181431891943
0.3892391486287832
0.004403948793608033
0.3897356544273209
0.005526167177144621
0.3903567720992147
0.006896186260732014
0.3911300614036447
0.00856959982786791
0.392089196987423
0.010613111847697951
0.3932751661510194
0.013106271424229252
0.39473764109452786
0.01614322744594044
0.3965365206424737
0.0198343635129756
0.3987436191681054
0.02430760699965921
0.4014444561820059
0.029709133278351868
0.40474006918224537
0.036203126726437176
0.4087487383612484
0.043970256853624025
0.4136074844120172
0.05320466416175277
0.4194732015658831
0.0641096789155638
0.4265233597604779
0.07689348497633305
0.4349564313762524
0.09176794733915743
0.4449927088643927
0.10895760242364874
0.4568772163741522
0.12873254777154144
0.4708883566755673
0.1514902582567604
0.4873592898204576
0.17792840464104598
0.5067242527618814
0.2093708541874298
0.529608573549416
0.24831556156326484
0.5569853152603139
0.299219272654692
0.5904141062622931
0.36935654738489143
